0 0.278125 0.434375 0.11328125 0.1734375
0 0.41484375 0.52421875 0.15546875 0.14453125
0 0.0453125 0.571875 0.06875 0.12890625
0 0.5296875 0.3484375 0.12265625 0.17109375
0 0.096875 0.33125 0.04609375 0.10625
0 0.1421875 0.21953125 0.04609375 0.17734375
0 0.196875 0.24609375 0.05859375 0.13359375
0 0.38125 0.84765625 0.19765625 0.10859375
0 0.275 0.54453125 0.11015625 0.16171875
0 0.79453125 0.76015625 0.21796875 0.10859375
0 0.58203125 0.8078125 0.146875 0.09765625
0 0.68828125 0.54921875 0.16875 0.11484375