1 0.2671875 0.48984375 0.18671875 0.1171875
1 0.015625 0.48828125 0.03046875 0.0859375
4 0.5796875 0.5 0.13984375 0.10859375
4 0.40546875 0.23984375 0.0203125 0.0390625
3 0.51484375 0.884375 0.12265625 0.2234375
3 0.7890625 0.609375 0.1546875 0.14375
3 0.45859375 0.3515625 0.03359375 0.05703125
3 0.521875 0.34375 0.0296875 0.05625
3 0.45625 0.29921875 0.03203125 0.04453125
3 0.46171875 0.23203125 0.01953125 0.03828125
4 0.4171875 0.190625 0.0140625 0.02890625
4 0.41875 0.16015625 0.02734375 0.01796875