1 0.5517578125 0.4826388890625 0.5166015625 0.4861111109375 0.5087890625 0.4826388890625 0.5068359375 0.47222222187499996 0.50390625 0.4739583328125 0.50390625 0.48090277812500004 0.49609375 0.49131944375 0.4921875 0.512152778125 0.4951171875 0.5625 0.5048828125 0.5625 0.5126953125 0.5729166671875 0.5185546875 0.5729166671875 0.5244140625 0.59375 0.578125 0.5954861109375 0.5859375 0.578125 0.5859375 0.5607638890625 0.58203125 0.543402778125 0.57421875 0.5295138890625 0.572265625 0.515625 0.564453125 0.5052083328125 0.5595703125 0.4895833328125 0.5517578125 0.4826388890625
3 0.328125 0.605902778125 0.326171875 0.5850694437499999 0.3193359375 0.5763888890625 0.3076171875 0.5763888890625 0.2861328125 0.5625 0.2607421875 0.5625 0.2548828125 0.5729166671875 0.2353515625 0.5694444437499999 0.2236328125 0.5868055562500001 0.185546875 0.612847221875 0.185546875 0.6232638890625 0.19921875 0.640625 0.2041015625 0.6666666671875 0.21875 0.668402778125 0.2412109375 0.6666666671875 0.2705078125 0.65625 0.2978515625 0.6631944437499999 0.3095703125 0.6493055562500001 0.3291015625 0.6388888890625 0.33203125 0.6336805562500001 0.33203125 0.612847221875 0.328125 0.605902778125
3 0.302734375 0.5399305562500001 0.3056640625 0.5486111109375 0.3115234375 0.5486111109375 0.3173828125 0.565972221875 0.3671875 0.5677083328125 0.37109375 0.5572916671875 0.37109375 0.543402778125 0.3662109375 0.5 0.3603515625 0.5 0.3447265625 0.4791666671875 0.3154296875 0.4791666671875 0.3046875 0.484375 0.302734375 0.5399305562500001
3 0.4501953125 0.503472221875 0.4111328125 0.5 0.40234375 0.5052083328125 0.400390625 0.5677083328125 0.4169921875 0.6076388890625 0.46875 0.605902778125 0.47265625 0.5885416671875 0.470703125 0.5572916671875 0.466796875 0.543402778125 0.46875 0.5399305562500001 0.4658203125 0.53125 0.4609375 0.5329861109375 0.4609375 0.5260416671875 0.4501953125 0.503472221875
3 0.6728515625 0.7951388890625 0.6650390625 0.7951388890625 0.646484375 0.7552083328125 0.6220703125 0.71875 0.5615234375 0.7118055562500001 0.5400390625 0.722222221875 0.533203125 0.7413194437499999 0.53125 0.769097221875 0.5390625 0.8350694437499999 0.5517578125 0.84375 0.583984375 0.9079861109375 0.59375 0.956597221875 0.6103515625 0.96875 0.658203125 0.9670138890625 0.6962890625 0.9618055562500001 0.701171875 0.9427083328125001 0.69921875 0.8802083328125001 0.693359375 0.859375 0.67578125 0.824652778125 0.671875 0.8107638890625 0.67578125 0.800347221875 0.6728515625 0.7951388890625
3 0.8583984375 0.4826388890625 0.8427734375 0.47569444375 0.8212890625 0.4791666671875 0.8056640625 0.49305555625 0.7978515625 0.5069444437499999 0.779296875 0.519097221875 0.779296875 0.5572916671875 0.7841796875 0.565972221875 0.8193359375 0.5625 0.828125 0.5677083328125 0.8447265625 0.559027778125 0.8583984375 0.559027778125 0.8662109375 0.5520833328125 0.8994140625 0.5625 0.90234375 0.484375 0.900390625 0.47743055625 0.8759765625 0.47569444375 0.8583984375 0.4826388890625
3 0.79296875 0.35590277812500004 0.7958984375 0.3611111109375 0.826171875 0.36284722187499996 0.8486328125 0.3611111109375 0.8515625 0.35590277812500004 0.8515625 0.3385416671875 0.8427734375 0.3298611109375 0.8193359375 0.3263888890625 0.7958984375 0.3298611109375 0.79296875 0.33506944375000003 0.79296875 0.35590277812500004
2 0.7607421875 0.3263888890625 0.7412109375 0.3263888890625 0.73828125 0.36284722187499996 0.740234375 0.3732638890625 0.76171875 0.3732638890625 0.763671875 0.33159722187499996 0.7607421875 0.3263888890625
1 0.34375 0.33506944375000003 0.345703125 0.36631944375000003 0.373046875 0.36631944375000003 0.375 0.3177083328125 0.3466796875 0.31597222187499996 0.34375 0.33506944375000003
4 0.4296875 0.421875 0.4296875 0.36284722187499996 0.4267578125 0.3576388890625 0.4248046875 0.3611111109375 0.4033203125 0.3541666671875 0.388671875 0.36284722187499996 0.388671875 0.4045138890625 0.3916015625 0.4236111109375 0.4296875 0.421875
3 0.3740234375 0.4548611109375 0.376953125 0.44965277812500004 0.3759765625 0.3958333328125 0.3388671875 0.3958333328125 0.3359375 0.4010416671875 0.337890625 0.453125 0.353515625 0.45659722187499996 0.3740234375 0.4548611109375