3 0.80078125 0.574652778125 0.7939453125 0.565972221875 0.7783203125 0.559027778125 0.7060546875 0.5625 0.6591796875 0.6145833328125 0.65234375 0.6302083328125 0.650390625 0.6510416671875 0.646484375 0.6579861109375 0.6552734375 0.690972221875 0.71484375 0.6927083328125 0.7255859375 0.6805555562500001 0.7568359375 0.6666666671875 0.7666015625 0.65625 0.7822265625 0.6631944437499999 0.7958984375 0.65625 0.8046875 0.6267361109375 0.8046875 0.5954861109375 0.80078125 0.574652778125
3 0.158203125 0.6336805562500001 0.154296875 0.6163194437499999 0.1455078125 0.6145833328125 0.140625 0.6302083328125 0.140625 0.6475694437499999 0.1435546875 0.652777778125 0.15625 0.6510416671875 0.158203125 0.6336805562500001
3 0.2255859375 0.5520833328125 0.2099609375 0.5625 0.1943359375 0.5625 0.19140625 0.5677083328125 0.19140625 0.6024305562500001 0.203125 0.612847221875 0.201171875 0.6267361109375 0.1953125 0.6336805562500001 0.1982421875 0.6458333328125 0.2587890625 0.6458333328125 0.2646484375 0.65625 0.275390625 0.6545138890625 0.2822265625 0.6458333328125 0.306640625 0.644097221875 0.30859375 0.5920138890625 0.3037109375 0.5694444437499999 0.2880859375 0.565972221875 0.2783203125 0.5555555562500001 0.2626953125 0.5486111109375 0.2255859375 0.5520833328125
3 0.513671875 0.5399305562500001 0.5078125 0.515625 0.5078125 0.48784722187499996 0.4462890625 0.4895833328125 0.4345703125 0.49652777812500004 0.4208984375 0.5208333328125 0.4033203125 0.53125 0.3984375 0.543402778125 0.3984375 0.5850694437499999 0.4013671875 0.590277778125 0.431640625 0.5920138890625 0.4423828125 0.5833333328125 0.4599609375 0.5833333328125 0.4736328125 0.5763888890625 0.4912109375 0.5763888890625 0.4970703125 0.5833333328125 0.5048828125 0.5833333328125 0.513671875 0.5538194437499999 0.513671875 0.5399305562500001
3 0.6748046875 0.4826388890625 0.6572265625 0.4826388890625 0.6357421875 0.47222222187499996 0.5947265625 0.4791666671875 0.5791015625 0.5 0.5595703125 0.5104166671875 0.552734375 0.5225694437499999 0.552734375 0.550347221875 0.5576171875 0.5625 0.59375 0.5642361109375 0.6005859375 0.559027778125 0.6455078125 0.5520833328125 0.6552734375 0.534722221875 0.6591796875 0.5520833328125 0.6689453125 0.5486111109375 0.6796875 0.515625 0.677734375 0.48784722187499996 0.6748046875 0.4826388890625
3 0.8740234375 0.4513888890625 0.8642578125 0.44444444375 0.8291015625 0.44097222187499996 0.8056640625 0.4513888890625 0.7900390625 0.47222222187499996 0.765625 0.48784722187499996 0.763671875 0.515625 0.7685546875 0.527777778125 0.8046875 0.5364583328125 0.8154296875 0.527777778125 0.8388671875 0.5243055562500001 0.8642578125 0.5243055562500001 0.8701171875 0.53125 0.8779296875 0.53125 0.8828125 0.519097221875 0.880859375 0.4635416671875 0.8740234375 0.4513888890625
3 0.3310546875 0.4375 0.37109375 0.4357638890625 0.373046875 0.41840277812500004 0.369140625 0.3802083328125 0.3662109375 0.375 0.3525390625 0.36805555624999997 0.3369140625 0.36805555624999997 0.330078125 0.3732638890625 0.328125 0.4322916671875 0.3310546875 0.4375
4 0.416015625 0.390625 0.416015625 0.3454861109375 0.4130859375 0.34027777812500004 0.3876953125 0.34027777812500004 0.384765625 0.3454861109375 0.384765625 0.4010416671875 0.412109375 0.4010416671875 0.416015625 0.390625
4 0.462890625 0.421875 0.4501953125 0.3854166671875 0.4248046875 0.38194444375000003 0.416015625 0.390625 0.4140625 0.4322916671875 0.4169921875 0.44444444375 0.4609375 0.44618055625 0.462890625 0.421875
4 0.6962890625 0.2673611109375 0.6708984375 0.2673611109375 0.658203125 0.2795138890625 0.6591796875 0.3020833328125 0.701171875 0.30034722187499996 0.701171875 0.2760416671875 0.6962890625 0.2673611109375
4 0.3076171875 0.24305555625 0.2998046875 0.24305555625 0.294921875 0.2517361109375 0.2958984375 0.2708333328125 0.314453125 0.26909722187499996 0.314453125 0.2552083328125 0.3076171875 0.24305555625
3 0.26171875 0.24131944375 0.2626953125 0.25 0.27734375 0.24826388906250002 0.2744140625 0.23263888906250002 0.2646484375 0.23263888906250002 0.26171875 0.24131944375
0 0.248046875 0.230902778125 0.2455357140625 0.1894841265625 0.2299107140625 0.19345238125 0.23046875 0.230902778125 0.248046875 0.230902778125