5 0.74453125 0.75234375 0.2390625 0.3953125
5 0.50390625 0.8125 0.2109375 0.353125
1 0.32734375 0.5828125 0.0703125 0.090625
5 0.22890625 0.25859375 0.04296875 0.0796875
4 0.18515625 0.8 0.08984375 0.1234375
3 0.15703125 0.6796875 0.07734375 0.09609375
4 0.0578125 0.4375 0.05546875 0.06953125
3 0.0765625 0.57109375 0.0640625 0.08125
0 0.24765625 0.1640625 0.0390625 0.0515625
1 0.30546875 0.52578125 0.06171875 0.071875
1 0.39296875 0.66484375 0.071875 0.10390625
1 0.0265625 0.6390625 0.053125 0.1265625
5 0.01875 0.91640625 0.03671875 0.16015625
3 0.18828125 0.953125 0.13359375 0.0859375
3 0.0171875 0.4046875 0.034375 0.0625
3 0.48359375 0.540625 0.06328125 0.065625
3 0.0875 0.38515625 0.03984375 0.05390625
3 0.0578125 0.2515625 0.0359375 0.04296875