5 0.2140625 0.14140625 0.059375 0.09921875
5 0.85546875 0.4890625 0.13671875 0.26640625
3 0.5328125 0.7484375 0.12578125 0.32421875
3 0.528125 0.384375 0.065625 0.15859375
2 0.515625 0.26328125 0.0359375 0.0859375
2 0.59765625 0.321875 0.040625 0.109375
2 0.6484375 0.3828125 0.05 0.14296875
2 0.6765625 0.33671875 0.0296875 0.10859375
2 0.6765625 0.19375 0.025 0.06640625
3 0.46015625 0.2890625 0.06328125 0.128125
5 0.6017283375 0.2488 0.6207224828125 0.24817499999999998 0.6207224828125 0.2394104171875 0.6210737703125 0.232525 0.623183840625 0.2212583328125 0.624591334375 0.2149979171875 0.629515221875 0.2081125 0.63936416875 0.20623333281249998 0.6414742390625 0.1667979171875 0.6309227171875 0.13236874999999998 0.5939906328125 0.13391875 0.5883629984375001 0.20372916718749998 0.597859484375 0.23565624999999998 0.6017283375 0.2488