0 0.08671875 0.27890625 0.15 0.1515625
5 0.765625 0.51953125 0.10390625 0.246875
2 0.446875 0.6203125 0.0234375 0.11640625
2 0.5296875 0.4421875 0.025 0.05625
2 0.64609375 0.73828125 0.02578125 0.11328125
2 0.77109375 0.7390625 0.03984375 0.10859375
4 0.5625 0.30234375 0.0453125 0.07265625
5 0.6328125 0.27421875 0.046875 0.08515625
5 0.5984375 0.22890625 0.0328125 0.0859375
4 0.05390625 0.5875 0.10546875 0.1640625
4 0.20078125 0.48671875 0.0875 0.13046875
3 0.1328125 0.4359375 0.08046875 0.09609375
3 0.25546875 0.3140625 0.0484375 0.07578125
3 0.30703125 0.31484375 0.05546875 0.06796875