0 0.09140625 0.28125 0.146875 0.1484375
5 0.840625 0.74765625 0.146875 0.36875
3 0.2859375 0.32578125 0.04921875 0.0671875
2 0.5359375 0.50546875 0.01953125 0.06953125
3 0.1828125 0.509375 0.09296875 0.115625
0 0.6359375 0.1578125 0.03671875 0.0671875
4 0.4453125 0.81484375 0.13671875 0.3484375
2 0.46796875 0.328125 0.01640625 0.04765625
5 0.27578125 0.221875 0.0515625 0.078125
2 0.59765625 0.37109375 0.01796875 0.05703125
5 0.653125 0.32421875 0.05390625 0.134375
3 0.45078125 0.43125 0.04921875 0.10859375